10
2 5 2 1 5 1 2 5 1 1 
20
80 70 100 10 58 80 70 100 10 58
77 65 86 98 74 80 70 65 10 58
84 100 76 100 97 80 70 6 10 58
98 98 50 75 89 96 98 54 75 89
80 70 54 10 58 80 70 100 10 58
77 65 86 98 74 80 70 65 39 58
84 92 76 100 97 80 70 100 10 58
96 8 67 75 89 96 98 50 75 89
80 70 100 10 58 80 70 100 10 58
77 65 86 98 74 80 70 100 10 76
84 100 76 100 76 80 70 100 10 58
96 98 50 75 89 96 98 19 75 89
80 70 100 10 58 80 54 100 10 58
77 65 86 98 74 80 70 100 89 58
84 100 76 100 97 80 70 100 10 58
96 98 50 75 89 96 10 50 75 89
80 70 100 10 58 69 70 100 10 58
77 65 86 98 34 80 70 100 10 58
84 4 76 100 97 80 70 100 62 58
96 98 50 75 89 54 98 50 75 89
